1 -2 3 0
7 -3 -7 0
4 -3 2 0
6 10 -2 0
-6 -2 -10 0
-6 -10 5 0
6 -5 -6 0
7 8 -7 0
12 -11 -12 0
-8 9 10 0
-9 -10 11 0
13 -14 15 0
7 -15 -7 0
15 16 -15 0
-16 18 -17 0
16 12 -16 0
-12 19 -19 0
-5 3 -19 0
5 -3 -19 0
-5 11 -19 0
5 -11 -19 0
-6 4 -19 0
6 -4 -19 0
-6 12 -19 0
6 -12 20 0
21 22 -20 0
-21 -20 -22 0
-21 -22 -20 0
-7 -9 -21 0
-7 9 -21 0
7 -9 -22 0
-7 9 -22 0
7 -9 -20 0
-7 1 -20 0
7 -1 -21 0
-7 1 -21 0
7 -1 -22 0
-7 -1 -20 0
-7 13 -20 0
7 -13 -21 0
-7 -13 -22 0
-7 13 -22 0
7 -13 -20 0
-8 -10 -21 0
-8 10 -21 0
8 -10 -22 0
-8 10 -22 0
8 -10 -20 0
-8 2 -20 0
8 -2 -21 0
-8 2 -21 0
8 -2 -22 0
-8 -2 -20 0
-8 14 -20 0
8 -14 -21 0
-8 -14 -22 0
-8 14 -22 0
8 -14 23 0
24 25 26 0
27 28 -23 0
-24 -23 -25 0
-23 -26 -23 0
-27 -23 -28 0
-24 -25 -24 0
-26 -24 -27 0
-24 -28 -25 0
-26 -25 -27 0
-25 -28 -26 0
-27 -26 -28 0
-27 -28 -23 0
-9 7 -23 0
9 -7 -24 0
-9 -7 -25 0
-9 7 -25 0
9 -7 -26 0
-9 -7 -27 0
-9 7 -27 0
9 -7 -28 0
-9 -7 -23 0
-9 11 -23 0
9 -11 -24 0
-9 -11 -25 0
-9 -11 -26 0
-9 11 -26 0
9 -11 -27 0
-9 -11 -28 0
-9 11 -28 0
9 -11 -23 0
-9 -3 -24 0
-9 3 -24 0
9 -3 -25 0
-9 3 -25 0
9 -3 -26 0
-9 3 -26 0
9 -3 -27 0
-9 -3 -28 0
-9 -3 -23 0
-9 -15 -24 0
-9 15 -24 0
9 -15 -25 0
-9 -15 -26 0
-9 -15 -27 0
-9 15 -27 0
9 -15 -28 0
-9 15 -28 0
9 -15 -23 0
-10 8 -23 0
10 -8 -24 0
-10 -8 -25 0
-10 8 -25 0
10 -8 -26 0
-10 -8 -27 0
-10 8 -27 0
10 -8 -28 0
-10 -8 -23 0
-10 12 -23 0
10 -12 -24 0
-10 -12 -25 0
-10 -12 -26 0
-10 12 -26 0
10 -12 -27 0
-10 -12 -28 0
-10 12 -28 0
10 -12 -23 0
-10 -4 -24 0
-10 4 -24 0
10 -4 -25 0
-10 4 -25 0
10 -4 -26 0
-10 4 -26 0
10 -4 -27 0
-10 -4 -28 0
-10 -4 -23 0
-10 -16 -24 0
-10 16 -24 0
10 -16 -25 0
-10 -16 -26 0
-10 -16 -27 0
-10 16 -27 0
10 -16 -28 0
-10 16 -28 0
10 -16 29 0
30 31 -29 0
-30 -29 -31 0
-30 -31 -29 0
-11 -9 -30 0
-11 9 -30 0
11 -9 -31 0
-11 9 -31 0
11 -9 -29 0
-11 5 -29 0
11 -5 -30 0
-11 5 -30 0
11 -5 -31 0
-11 -5 -29 0
-11 17 -29 0
11 -17 -30 0
-11 -17 -31 0
-11 17 -31 0
11 -17 -29 0
-12 -10 -30 0
-12 10 -30 0
12 -10 -31 0
-12 10 -31 0
12 -10 -29 0
-12 6 -29 0
12 -6 -30 0
-12 6 -30 0
12 -6 -31 0
-12 -6 -29 0
-12 18 -29 0
12 -18 -30 0
-12 -18 -31 0
-12 18 -31 0
12 -18 32 0
33 34 -32 0
-33 -32 -34 0
-33 -34 -32 0
-15 13 -32 0
15 -13 -33 0
-15 13 -33 0
15 -13 -34 0
-15 -13 -32 0
-15 17 -32 0
15 -17 -33 0
-15 -17 -34 0
-15 17 -34 0
15 -17 -32 0
-15 -9 -33 0
-15 9 -33 0
15 -9 -34 0
-15 9 -34 0
15 -9 -32 0
-16 14 -32 0
16 -14 -33 0
-16 14 -33 0
16 -14 -34 0
-16 -14 -32 0
-16 18 -32 0
16 -18 -33 0
-16 -18 -34 0
-16 18 -34 0
16 -18 -32 0
-16 -10 -33 0
-16 10 -33 0
16 -10 -34 0
-16 10 -34 0
