1 -2 3 
7 -3 -7 4 -3 2 
6 10 -2 
-6 -2 -10 
-6 -10 5 
6 -5 -6 
7 8 -7 
12 -11 -12 
-8 9 10 
-9 -10 11 
13 -14 15 
7 -15 -7 
15 16 -15 
-16 18 -17 
16 12 -16 
-12 19 -19 
-5 3 -19 
5 -3 -19 
-5 11 -19 
5 -11 -19 
-6 4 -19 
6 -4 -19 
-6 12 -19 
6 -12 20 
21 22 -20 
-21 -20 -22 
-21 -22 -20 
-7 -9 -21 
-7 9 -21 
7 -9 -22 
-7 9 -22 
7 -9 -20 
-7 1 -20 
7 -1 -21 
-7 1 -21 
7 -1 -22 
-7 -1 -20 
-7 13 -20 
7 -13 -21 
-7 -13 -22 
-7 13 -22 
7 -13 -20 
-8 -10 -21 
-8 10 -21 
8 -10 -22 
-8 10 -22 
8 -10 -20 
-8 2 -20 
8 -2 -21 
-8 2 -21 
8 -2 -22 
-8 -2 -20 
-8 14 -20 
8 -14 -21 
-8 -14 -22 
-8 14 -22 
8 -14 23 
24 25 26 
27 28 -23 
-24 -23 -25 
-23 -26 -23 
-27 -23 -28 
-24 -25 -24 
-26 -24 -27 
-24 -28 -25 
-26 -25 -27 
-25 -28 -26 
-27 -26 -28 
-27 -28 -23 
-9 7 -23 
9 -7 -24 
-9 -7 -25 
-9 7 -25 
9 -7 -26 
-9 -7 -27 
-9 7 -27 
9 -7 -28 
-9 -7 -23 
-9 11 -23 
9 -11 -24 
-9 -11 -25 
-9 -11 -26 
-9 11 -26 
9 -11 -27 
-9 -11 -28 
-9 11 -28 
9 -11 -23 
-9 -3 -24 
-9 3 -24 
9 -3 -25 
-9 3 -25 
9 -3 -26 
-9 3 -26 
9 -3 -27 
-9 -3 -28 
-9 -3 -23 
-9 -15 -24 
-9 15 -24 
9 -15 -25 
-9 -15 -26 
-9 -15 -27 
-9 15 -27 
9 -15 -28 
-9 15 -28 
9 -15 -23 
-10 8 -23 
10 -8 -24 
-10 -8 -25 
-10 8 -25 
10 -8 -26 
-10 -8 -27 
-10 8 -27 
10 -8 -28 
-10 -8 -23 
-10 12 -23 
10 -12 -24 
-10 -12 -25 
-10 -12 -26 
-10 12 -26 
10 -12 -27 
-10 -12 -28 
-10 12 -28 
10 -12 -23 
-10 -4 -24 
-10 4 -24 
10 -4 -25 
-10 4 -25 
10 -4 -26 
-10 4 -26 
10 -4 -27 
-10 -4 -28 
-10 -4 -23 
-10 -16 -24 
-10 16 -24 
10 -16 -25 
-10 -16 -26 
-10 -16 -27 
-10 16 -27 
10 -16 -28 
-10 16 -28 
10 -16 29 
30 31 -29 
-30 -29 -31 
-30 -31 -29 
-11 -9 -30 
-11 9 -30 
11 -9 -31 
-11 9 -31 
11 -9 -29 
-11 5 -29 
11 -5 -30 
-11 5 -30 
11 -5 -31 
-11 -5 -29 
-11 17 -29 
11 -17 -30 
-11 -17 -31 
-11 17 -31 
11 -17 -29 
-12 -10 -30 
-12 10 -30 
12 -10 -31 
-12 10 -31 
12 -10 -29 
-12 6 -29 
12 -6 -30 
-12 6 -30 
12 -6 -31 
-12 -6 -29 
-12 18 -29 
12 -18 -30 
-12 -18 -31 
-12 18 -31 
12 -18 32 
33 34 -32 
-33 -32 -34 
-33 -34 -32 
-15 13 -32 
15 -13 -33 
-15 13 -33 
15 -13 -34 
-15 -13 -32 
-15 17 -32 
15 -17 -33 
-15 -17 -34 
-15 17 -34 
15 -17 -32 
-15 -9 -33 
-15 9 -33 
15 -9 -34 
-15 9 -34 
15 -9 -32 
-16 14 -32 
16 -14 -33 
-16 14 -33 
16 -14 -34 
-16 -14 -32 
-16 18 -32 
16 -18 -33 
-16 -18 -34 
-16 18 -34 
16 -18 -32 
-16 -10 -33 
-16 10 -33 
16 -10 -34 
-16 10 -34 